if not game:IsLoaded() then
	while wait() do
		if game:IsLoaded() then break end
	end
end

loadstring(game:HttpGet(("https://raw.githubusercontent.com/T0mGames/Vestiria/master/Wl"), true))()

if getgenv().wl[game:GetService("Players").LocalPlayer.UserId] then
	print("Whitelisted!")
else
	game.Players.LocalPlayer:Kick("Not Whitelisted")
	wait()
	while true do end  
end

if game.PlaceId ~= 155615604 then
	game.Players.LocalPlayer:Kick("Wrong game")
	wait()
	while true do end
end

if not syn then
	game.Players.LocalPlayer:Kick("Synapse only script kiddie")
	wait()
	while true do end
end

---------------------------|
-- Version: ---------------|
_Name = "Vestiria"
_Version = "v[4.0.1]"

---------------------------|
-- Services: --------------|
local Players = game:GetService("Players")
local workspace = game:GetService("Workspace")
local ReplicatedStorage = game:GetService("ReplicatedStorage")
local Teams = game:GetService("Teams")
local Lighting = game:GetService("Lighting")
local StarterGui = game:GetService("StarterGui")
local RunService = game:GetService("RunService")
local UserInputService = game:GetService("UserInputService")
local MarketplaceService = game:GetService("MarketplaceService")
---------------------------|
-- Variables: -------------|
local Player = Players.LocalPlayer
local LocalPlayer = Player
local Backpack = Player.Backpack
local Mouse = Player:GetMouse()
local Camera = workspace.CurrentCamera

local MT = getrawmetatable(game)
local oldindex = MT.__index
local oldnamecall = MT.__namecall
local newcclosure = newcclosure  or function(f) return f end
setreadonly(MT, false)

local Character, Humanoid, RootPart
local Backpack, PlayerGui, PlayerScripts
local ClientInputHandler

local TeamEvent = workspace.Remote.TeamEvent
local MeleeEvent = ReplicatedStorage.meleeEvent
local ShootEvent = ReplicatedStorage.ShootEvent
local ArrestEvent = workspace.Remote.arrest
local ItemHandler = workspace.Remote.ItemHandler
local LoadCharEvent = workspace.Remote.loadchar

local itemStorage = workspace.Prison_ITEMS.giver
local crimSpawn = game.workspace["Criminals Spawn"].SpawnLocation

local messageSender = require(game:GetService("ReplicatedStorage").Modules_client:WaitForChild("TooltipModule"));

local hud = Player.PlayerGui.Home.hud
local titleBar = hud.Topbar.titleBar
local Description = hud.Topbar.Pulldownmenu.Frame.Description
local PulldownMenu = hud.Topbar.Pulldownmenu
local StaminaFrame = hud.StaminaFrame

local get_namecall_method = get_namecall_method or getnamecallmethod

---------------------------|
-- Toggles: ---------------|
local WeaponsStuff = {
	["AutoGuns"] = false,
	["AutoSword"] = false,
	["AutoTools"] = false,
	["AutoMod"] = false,
	["GunColor"] = nil,
	["GunTransparency"] = nil,
}

local CharacterStuff = {
	["InfStamina"] = false,
	["NoPunchCooldown"] = false,
	["OneShotPunches"] = false,
	["Noclip"] = false,
	["InfJump"] = false,
	["TazerBypass"] = false,
	["SuperJump"] = false,
	["SuperSpeed"] = false,
	["WalkSpeed"] = 16,
	["JumpPower"] = 50,
	["AutoRespawn"] = false,
	["AutoRefresh"] = false,
	["ChangeHipHeight"] = false,
	["HipHeight"] = 0,
	["Flinging"] = false,
	["FlingPower"] = 500,
}

local PlayerStuff = {
	["PlayerSelected"] = "",
	["ViewingPlayer"] = false,
	["IsLoopBringing"] = false,
	["IsLoopKilling"] = false,
	["IsLoopTazing"] = false,
	["IsLoopTeleporting"] = false,
}

local KillStuff = {
	["IsLoopKillingAll"] = false,
	["TargetTeam"] = "",
	["IsLoopKillingTeam"] = false,
	["ClickKill"] = false,
	["KillAura"] = false,
	["KillAuraTarget"] = false,
	["FlashAura"] = false,
}

local ExploitsStuff = {
	["SwatLag"] = false,
	["IsLoopTazingAll"] = false,
	["ClickTaze"] = false,
	["TazeAura"] = false,
	["AutoArrest"] = false,
	["ArrestAura"] = false,
	["ClickArrest"] = false,
	["NoArrestCooldown"] = false,
	["SilentAimEnabled"] = false,
}

local CarHaxxStuff = {
	["TargetPlayer"] = "",
	["SpawnType"] = "",
	["ToPosPosition"] = nil,
}

local GlobalStuff = {
	["IsSpamAdvertising"] = false,
	["Fullbright"] = false,
}


---------------------------|
-- Core: ------------------|

local function GetPlayersInRange(Radius)
	local PlayersInRange = { }
	
	for idx,plr in pairs(Players:GetPlayers()) do
		if (plr ~= Player) and (plr.Character) then
			local otherRoot = plr.Character:FindFirstChild("HumanoidRootPart")
			if (otherRoot) then
				if ((otherRoot.Position - RootPart.Position).Magnitude <= Radius) then
					table.insert(PlayersInRange, plr)
				end
			end
		end
	end
	
	return PlayersInRange
end

local function Reload()
	Character = Player.Character
	Humanoid = Character:WaitForChild("Humanoid")
	RootPart = Character:WaitForChild("HumanoidRootPart")
	
	Backpack = Player.Backpack
	PlayerGui = Player.PlayerGui
	PlayerScripts = Player.PlayerScripts

	ClientInputHandler = Character:WaitForChild("ClientInputHandler")

	wait(0.4)
	
	local CIHStuff = getsenv(ClientInputHandler).cs
	local StaminaFunc, StaminaVal
	
	for i,v in pairs(getreg()) do
		if (type(v) == "function") and (getfenv(v).script == ClientInputHandler) then
			for idx,upval in pairs(debug.getupvalues(v)) do
				if (type(upval) == "number") and (upval >= 0) and (upval <= 12) then
					StaminaFunc = v
					StaminaVal = idx
				end
			end
		end
	end
	
	coroutine.resume(coroutine.create(function()
		while Humanoid.Health > 0 do
			wait()
			
			if CharacterStuff.NoPunchCooldown then -- No Punch Cooldown
				CIHStuff.isFighting = false
			end
			
			if CharacterStuff.InfStamina then -- Inf Stamina
				if (StaminaFunc) and (StaminaVal) then
					debug.setupvalue(StaminaFunc, StaminaVal, 13)
				end
			end

			if CharacterStuff.SuperSpeed then -- Walk Speed
				Humanoid.WalkSpeed = CharacterStuff.WalkSpeed
			end
			if CharacterStuff.SuperJump then -- Jump Power
				Humanoid.JumpPower = CharacterStuff.JumpPower
			end
			if CharacterStuff.ChangeHipHeight then -- Hip Height
				Humanoid.HipHeight = CharacterStuff.HipHeight
			end
			
			if KillStuff.KillAura then -- Kill Aura
				for idx,plr in pairs(GetPlayersInRange(10)) do
					if KillStuff.KillAuraTarget == "All" then
						for i = 1, 25 do
							MeleeEvent:FireServer(plr)
						end
					else
						if plr.Team.Name == KillStuff.KillAuraTarget then
							for i = 1, 25 do
								MeleeEvent:FireServer(plr)
							end
						end
					end
				end
			end

			if ExploitsStuff.TazeAura then -- Taze Aura
				for idx,plr in pairs(GetPlayersInRange(10)) do
					if plr.Name ~= Player.Name and plr.Team ~= Teams.Guards then
						if Backpack:FindFirstChild("Taser") then
							taze(plr)
						else
							ninthKnight()
						end
					end
				end
			end

			if ExploitsStuff.ArrestAura then -- Arrest Aura
				for idx,plr in pairs(GetPlayersInRange(10)) do
					if (plr.Character) and (plr.Character:FindFirstChild("HumanoidRootPart")) then
						ArrestEvent:InvokeServer(plr.Character.HumanoidRootPart)
					end
				end
			end
		end
	end))
end

do
	pcall(function()
		Reload()
	end)
end

---------------------------|
-- Functions: -------------|
local function SendMessage(text, color) -- Chat message function
	StarterGui:SetCore("ChatMakeSystemMessage", {
		["Text"] = "[Vestiria]: " .. tostring(text),
		["Color"] = (color or Color3.fromRGB(255,255,255)),
		["Font"] = Enum.Font.SourceSansBold,
		["TextSize"] = 18,
	})
end

local function FactMessage(number,text, color) -- Chat message function
	StarterGui:SetCore("ChatMakeSystemMessage", {
		["Text"] = "[Fun Fact "..number.."]: " .. tostring(text),
		["Color"] = (color or Color3.fromRGB(255,255,255)),
		["Font"] = Enum.Font.SourceSansBold,
		["TextSize"] = 18,
	})
end

function findPlayer(name)
	local plr;
	for i,v in pairs(Players:GetChildren()) do
		if v.Name:lower():sub(1,#name) == name:lower() then
			if v.Name:lower():sub(1,#name) == Player.Name:lower() then
				return false
			end
			plr = v.Name
			return plr
		end	
	end
end


function howManyGuards()
	local guards = {}
	for i,v in pairs(Players:GetChildren()) do
		if v.Team == Teams.Guards then
			table.insert(guards, v)
		end
	end
	return tonumber(#guards)
end

function becomeCriminal()
	if (Character) and (Humanoid) and (RootPart) then
        local backup = RootPart.CFrame
        local spawnPoint = workspace["Criminals Spawn"]:FindFirstChildOfClass("SpawnLocation")
            
        Camera.CameraType = Enum.CameraType.Scriptable
            
        repeat
            RootPart.CFrame = spawnPoint.CFrame * CFrame.new(0,2,0)
            if (Player.Team == Teams.Criminals) then break end
            RunService.RenderStepped:Wait()
        until (Player.Team == Teams.Criminals)
            
        Camera.CameraType = Enum.CameraType.Custom
            
        RootPart.Velocity = Vector3.new(0,0,0)
		RootPart.CFrame = backup
    end
end

local function getGuns()
	--Slot 1--
	
	--Remington870--------------------------------------------
	game.Workspace.Remote.ItemHandler:InvokeServer(workspace.Prison_ITEMS.giver["Remington 870"].ITEMPICKUP) --Remington 870
	----------------------------------------------------------
	
	--Slot 2--
	
	--Slot 3--
	
	--AK-47---------------------------------------------------
	if (game:GetService("MarketplaceService"):UserOwnsGamePassAsync(game.Players.LocalPlayer.UserId, 96651)) then
		--If you don't have gamepass for M4A1 then you will not get this AK-47
		game.Workspace.Remote.ItemHandler:InvokeServer(workspace.Prison_ITEMS.giver["AK-47"].ITEMPICKUP)
	end
	----------------------------------------------------------
	--M4A1----------------------------------------------------
	if (game:GetService("MarketplaceService"):UserOwnsGamePassAsync(game.Players.LocalPlayer.UserId, 96651)) then
		game.Workspace.Remote.ItemHandler:InvokeServer(workspace.Prison_ITEMS.giver["M4A1"].ITEMPICKUP)
	else --If you don't have gamepass for M4A1 then you will get the converted AK-47
		game.Workspace.Remote.ItemHandler:InvokeServer(workspace.Prison_ITEMS.giver["AK-47"].ITEMPICKUP) 
	end
	--Slot 4--
	
	--M9---------------------------------------------------
	game.Workspace.Remote.ItemHandler:InvokeServer(workspace.Prison_ITEMS.giver["M9"].ITEMPICKUP)
	-------------------------------------------------------
end

function giveTools()
	local itemStorage2 = game.workspace.Prison_ITEMS.single
	TeamEvent:FireServer(tostring(Teams.Inmates.TeamColor))
	wait()

	for idx,obj in pairs(itemStorage2:GetChildren()) do
    	if (obj:IsA("Model")) and (obj:FindFirstChild("ITEMPICKUP")) and (obj.Name ~= "M9") and (obj.Name ~= "Key card") then
        	pcall(ItemHandler.InvokeServer, ItemHandler, obj.ITEMPICKUP)
    	end
	end
end

local function ModifyGun(Gun) -- Gun modification function
	if (Gun:IsA("Tool")) then
		local States = Gun:FindFirstChildOfClass("ModuleScript")
		if States and States.Name ~= "Modded" then
			local h = require(States)
			h.CurrentAmmo = math.huge
			h.MaxAmmo = math.huge
			h.StoredAmmo = math.huge
			h.Damage = 9999
			h.AutoFire = true
			h.Range = 999
			h.Spread = 20
			h.FireRate = 0.01
			h.Bullets = 40
			h.ReloadTime = 0.01
			States.Name = "Modded"
		end
	end
end

pcall(function() -- Run Service Loop
	RunService.Stepped:Connect(function()
		if (CharacterStuff.Noclip == true) or (CharacterStuff.Flinging == true) then
			if (Character) and (Humanoid) and (RootPart) then
				if (Humanoid.RigType == Enum.HumanoidRigType.R6) then
                    Character.Head.CanCollide = false
                    Character.Torso.CanCollide = false
                    Character["Left Leg"].CanCollide = false
                    Character["Right Leg"].CanCollide = false
                else
                    Character.Humanoid:ChangeState(11)
                end
			end
		end
		if getgenv().bringing == true then
			game.Players.LocalPlayer.Character.Humanoid:ChangeState(11)
			local player = game.Players[PlayerStuff.PlayerSelected]
			game.Players.LocalPlayer.Character.HumanoidRootPart.CFrame = NOW
			player.Character.HumanoidRootPart.CFrame = game.Players.LocalPlayer.Character.HumanoidRootPart.CFrame * CFrame.new(0,1,0)
			game.Players.LocalPlayer.Character.HumanoidRootPart.CFrame = NOW * CFrame.new(0,1,0)
		end
		if getgenv().MakingCrim == true then
			game.Players.LocalPlayer.Character.Humanoid:ChangeState(11)
			local player = game.Players[PlayerStuff.PlayerSelected]
			game.Players.LocalPlayer.Character.HumanoidRootPart.CFrame = crimSpawn.CFrame
			player.Character.HumanoidRootPart.CFrame = game.Players.LocalPlayer.Character.HumanoidRootPart.CFrame * CFrame.new(0,1,0)
		end
	end)
end)

do -- Super Punch
	mainRemotes = game.ReplicatedStorage
	meleeRemote = mainRemotes['meleeEvent']
	mouse = game.Players.LocalPlayer:GetMouse()
	punching = false
	cooldown = false

	function punch()
		cooldown = true
		local part = Instance.new("Part", game.Players.LocalPlayer.Character)
		part.Transparency = 1
		part.Size = Vector3.new(5, 2, 3)
		part.CanCollide = false
		local w1 = Instance.new("Weld", part)
		w1.Part0 = game.Players.LocalPlayer.Character.Torso
		w1.Part1 = part
		w1.C1 = CFrame.new(0,0,2)
		part.Touched:connect(function(hit)
			if game.Players:FindFirstChild(hit.Parent.Name) then
				local plr = game.Players:FindFirstChild(hit.Parent.Name)
				if plr.Name ~= game.Players.LocalPlayer.Name then
					part:Destroy()

					for i = 1,100 do
						meleeRemote:FireServer(plr)
					end
				end
			end
		end)

		wait(1)
		cooldown = false
		part:Destroy()
	end


	mouse.KeyDown:connect(function(key)
		if CharacterStuff.OneShotPunches == false then return end
		if cooldown == false then
			if key:lower() == "f" then
				if Player.Team == Teams.Guards then
					TeamEvent:FireServer(tostring(Teams.Neutral.TeamColor))
					wait()
					punch()
					wait()
					TeamEvent:FireServer(tostring(Teams.Guards.TeamColor))
					return
				end
				punch()
			end
		end
	end)
end

function Refresh()
	local pos = RootPart.CFrame
	if Player.Team == Teams.Neutral then
		TeamEvent:FireServer(tostring(Teams.Inmates.TeamColor))
		wait()
		LoadCharEvent:InvokeServer()
		wait()
		RootPart.CFrame = pos
		TeamEvent:FireServer(tostring(Teams.Neutral.TeamColor))
		return
	elseif Player.Team == Teams.Criminals then
		TeamEvent:FireServer(tostring(Teams.Inmates.TeamColor))
		wait()
		LoadCharEvent:InvokeServer()
		wait()
		RootPart.CFrame = pos
		becomeCriminal()
		return
	end
	LoadCharEvent:InvokeServer()
	wait()
	RootPart.CFrame = pos
end


function bring(plr)
	getgenv().bringing = true

	NOW = game.Players.LocalPlayer.Character.HumanoidRootPart.CFrame
	local player = findPlayer(plr)
	player = game.Players[player]
	game.Players.LocalPlayer.Character.Humanoid.Sit = false

	for i,v in pairs(Workspace.Prison_ITEMS.giver:GetChildren()) do
		if v.Name == "M9" then
		   lol = Workspace.Remote.ItemHandler:InvokeServer(v.ITEMPICKUP)
		end
	end
	game.Players.LocalPlayer.Character.HumanoidRootPart.CFrame = NOW
	game.Players.LocalPlayer.Character.Humanoid.Name = 1
	local l = game.Players.LocalPlayer.Character["1"]:Clone()
	if game.Players.LocalPlayer.Character["1"] then
		l.Parent = game.Players.LocalPlayer.Character
		l.Name = "Humanoid"
		wait()
		game.Players.LocalPlayer.Character["1"]:Destroy()
		game.Workspace.CurrentCamera.CameraSubject = game.Players.LocalPlayer.Character
		game.Players.LocalPlayer.Character.Animate.Disabled = true
	end
	wait()
	game.Players.LocalPlayer.Character.Animate.Disabled = false
	game.Players.LocalPlayer.Character.Humanoid.DisplayDistanceType = "None"
	for i,v in pairs(game:GetService'Players'.LocalPlayer.Backpack:GetChildren())do
		if v.Name == "M9" then
			game.Players.LocalPlayer.Character.Humanoid:EquipTool(v)
		end
	end
	player.Character.HumanoidRootPart.CFrame = game.Players.LocalPlayer.Character.HumanoidRootPart.CFrame 
	wait(0.3)
	local A_1 = "\66\114\111\121\111\117\98\97\100\100"
	local Event = game:GetService("Workspace").Remote.loadchar
	Event:InvokeServer(A_1)
	game.Players.LocalPlayer.Character.HumanoidRootPart.CFrame = NOW
	wait()
	getgenv().bringing = false
end

function KillSpecific(plr)
	if (Character) and (Humanoid) and (RootPart) then
		local backup = RootPart.CFrame
		Camera.CameraType = Enum.CameraType.Scriptable
		
		for idx,playr in pairs(Players:GetChildren()) do
			if (playr ~= Player) and (playr.Character) then
				local otherRoot = playr.Character:FindFirstChild("HumanoidRootPart")
				if otherRoot then
					if (playr.Name == plr) then
						RootPart.Velocity = Vector3.new(0,0,0)
						RootPart.CFrame = otherRoot.CFrame * CFrame.new(0, 6, 0)
					    wait(0.15)
						for i = 1, 25 do
							MeleeEvent:FireServer(playr)
						end     
					end
				end
			end
		end
		Camera.CameraType = Enum.CameraType.Custom
		RootPart.Velocity = Vector3.new(0,0,0)
		RootPart.CFrame = backup
	end
end

function ArrestSpecific(playr)
	if (Character) and (Humanoid) and (RootPart) then
        local backup = RootPart.CFrame
        Camera.CameraType = Enum.CameraType.Scriptable
        for idx,plr in pairs(Players:GetPlayers()) do
            if (plr ~= Player) and (plr.Character) and (plr.Team == Teams.Criminals) and (plr.Name == playr) then
                local otherRoot = plr.Character:FindFirstChild("HumanoidRootPart")
                if (otherRoot) then
                    RootPart.Velocity = Vector3.new(0, 0, 0)
                    RootPart.CFrame = otherRoot.CFrame * CFrame.new(0, 6, 0)
                    wait(0.15)
                    ArrestEvent:InvokeServer(otherRoot)
                    wait()
                end
            end
        end
        Camera.CameraType = Enum.CameraType.Custom
        RootPart.Velocity = Vector3.new(0, 0, 0)
        RootPart.CFrame = backup
	end
end

function crash(target)
game.Players.LocalPlayer.Character.HumanoidRootPart.CFrame = CFrame.new(691.162537, 100.190758, 2344.01392)
wait(0.5)
local client = game:GetService("Players").LocalPlayer

for _, child in next, client.Backpack:GetChildren() do
if child:IsA("Tool") then
client.Character.Humanoid:UnequipTools()
end
end

local Crim = Instance.new("Part")
   Crim.Name = "plr"
     Crim.Parent = workspace
       Crim.Anchored = true
         Crim.Archivable = true
           Crim.CFrame = CFrame.new(9e99, 9e99, 9e99)
              Bruh = game.Workspace["Criminals Spawn"].SpawnLocation
	            wait(0.1)
	          Crim.CFrame = game.Players.LocalPlayer.Character.HumanoidRootPart.CFrame
	       Crim.Transparency = 1
	    Crim.Anchored = true
	 Crim.CanCollide = false
  lol = true				
Bruh = game.Workspace["Criminals Spawn"].SpawnLocation
  Bruh.CanCollide = false
    Bruh.Size = Vector3.new(51.05, 24.12, 54.76)
	  Bruh.CFrame = game.Players.LocalPlayer.Character.HumanoidRootPart.CFrame
		 Bruh.Transparency = 1
		   wait(0.1)
		     lol = false
		       wait(0.04)
		         if lol == false then
		           Bruh.CFrame = CFrame.new(-920.510803, 92.2271957, 2138.27002, 0, 0, -1, 0, 1, 0, 1, 0, 0)
		           Bruh.Size = Vector3.new(6, 0.2, 6)
		           Bruh.Transparency = 0
		           lol = false
		    end
        game.Workspace.Remote.ItemHandler:InvokeServer(workspace.Prison_ITEMS.giver["Remington 870"].ITEMPICKUP) 
    wait(0.1)
wait(0.5)
	for i=1,10000 do
      local tbl_36BA2890 = 
       {
         ["RayObject"] = Ray.new(Vector3.new(839.947937, 99.4999466, 2211.61719), Vector3.new(-379.812744, 31.2091656, 121.524826)), 
           ["Distance"] = 61.344123840332, 
             ["Cframe"] = CFrame.new(809.089844, 101.766418, 2219.49268, 0.363455683, 0.0792314336, -0.928236127, -1.86264515e-09, 0.996376872, 0.0850477219, 0.931611478, -0.0309110768, 0.362138808), 
               ["Hit"] = target.Character.Head
                 }
               local tbl_36B5BF78 = 
            {
          ["RayObject"] = Ray.new(Vector3.new(839.947937, 99.4999466, 2211.61719), Vector3.new(-379.036713, 35.5271149, 122.755898)), 
        ["Distance"] = 61.299308776855, 
      ["Cframe"] = CFrame.new(809.180542, 102.100838, 2219.57886, 0.366918802, 0.0893238857, -0.92595464, 0, 0.995379448, 0.0960210636, 0.930253029, -0.035231933, 0.365223378), 
     ["Hit"] = target.Character.Head
    }
local tbl_36B585E8 = 
  {
    ["RayObject"] = Ray.new(Vector3.new(839.947937, 99.4999466, 2211.61719), Vector3.new(-379.921326, 20.3493805, 123.473427)), 
      ["Distance"] = 61.141574859619, 
        ["Cframe"] = CFrame.new(809.180542, 100.912926, 2219.61255, 0.36787042, 0.0533849634, -0.928343356, 0, 0.99835068, 0.0574107729, 0.929877102, -0.021119725, 0.367263645), 
          ["Hit"] = target.Character.Head
           }
             local tbl_36B5CC38 = 
              {
                ["RayObject"] = Ray.new(Vector3.new(839.947937, 99.4999466, 2211.61719), Vector3.new(-371.464417, 33.5804787, 144.521744)), 
                  ["Distance"] = 63.866916656494, 
                    ["Cframe"] = CFrame.new(808.680542, 102.047562, 2221.70142, 0.418726623, 0.0821772888, -0.90438652, 0, 0.995897233, 0.0904924273, 0.908112347, -0.0378915891, 0.417008668), 
                      ["Hit"] = target.Character.Head
                        }
                          local tbl_36B5BB28 = 
                            {
                          ["RayObject"] = Ray.new(Vector3.new(839.947937, 99.4999466, 2211.61719), Vector3.new(-376.177948, 24.8940163, 133.680374)), 
                        ["Distance"] = 62.931880950928, 
                      ["Cframe"] = CFrame.new(808.680542, 101.319054, 2220.68823, 0.391926825, 0.0631896704, -0.917823792, 0, 0.997638524, 0.0686846897, 0.91999644, -0.0269193724, 0.391001284), 
                    ["Hit"] = target.Character.Head
                  }
                local tbl_36B58A98 = 
              {
            tbl_36B5BB28, 
          tbl_36B5CC38, 
        tbl_36B585E8, 
      tbl_36B5BF78, 
    tbl_36BA2890
}
  local tbl_main = 
    {
      tbl_36B58A98, 
        game:GetService("Players").LocalPlayer.Backpack["Remington 870"]
          }
            game:GetService("ReplicatedStorage").ShootEvent:FireServer(unpack(tbl_main))
              local tbl_36BA2890 = 
                {
                  ["RayObject"] = Ray.new(Vector3.new(839.947937, 99.4999466, 2211.61719), Vector3.new(-379.812744, 31.2091656, 121.524826)), 
                    ["Distance"] = 61.344123840332, 
                      ["Cframe"] = CFrame.new(809.089844, 101.766418, 2219.49268, 0.363455683, 0.0792314336, -0.928236127, -1.86264515e-09, 0.996376872, 0.0850477219, 0.931611478, -0.0309110768, 0.362138808), 
                        ["Hit"] = target.Character.Head
                          }
                            local tbl_36B5BF78 = 
                              {
                            ["RayObject"] = Ray.new(Vector3.new(839.947937, 99.4999466, 2211.61719), Vector3.new(-379.036713, 35.5271149, 122.755898)), 
                          ["Distance"] = 61.299308776855, 
                        ["Cframe"] = CFrame.new(809.180542, 102.100838, 2219.57886, 0.366918802, 0.0893238857, -0.92595464, 0, 0.995379448, 0.0960210636, 0.930253029, -0.035231933, 0.365223378), 
                      ["Hit"] = target.Character.Head
                    }
                  local tbl_36B585E8 = 
                {
              ["RayObject"] = Ray.new(Vector3.new(839.947937, 99.4999466, 2211.61719), Vector3.new(-379.921326, 20.3493805, 123.473427)), 
            ["Distance"] = 61.141574859619, 
          ["Cframe"] = CFrame.new(809.180542, 100.912926, 2219.61255, 0.36787042, 0.0533849634, -0.928343356, 0, 0.99835068, 0.0574107729, 0.929877102, -0.021119725, 0.367263645), 
        ["Hit"] = target.Character.Head
      }
    local tbl_36B5CC38 = 
  {
["RayObject"] = Ray.new(Vector3.new(839.947937, 99.4999466, 2211.61719), Vector3.new(-371.464417, 33.5804787, 144.521744)), 
  ["Distance"] = 63.866916656494, 
    ["Cframe"] = CFrame.new(808.680542, 102.047562, 2221.70142, 0.418726623, 0.0821772888, -0.90438652, 0, 0.995897233, 0.0904924273, 0.908112347, -0.0378915891, 0.417008668), 
      ["Hit"] = target.Character.Head
        }
          local tbl_36B5BB28 = 
            {
              ["RayObject"] = Ray.new(Vector3.new(839.947937, 99.4999466, 2211.61719), Vector3.new(-376.177948, 24.8940163, 133.680374)), 
                ["Distance"] = 62.931880950928, 
                  ["Cframe"] = CFrame.new(808.680542, 101.319054, 2220.68823, 0.391926825, 0.0631896704, -0.917823792, 0, 0.997638524, 0.0686846897, 0.91999644, -0.0269193724, 0.391001284), 
                    ["Hit"] = target.Character.Head
                      }
                        local tbl_36B58A98 = 
                      {
                    tbl_36B5BB28, 
                  tbl_36B5CC38, 
                tbl_36B585E8, 
              tbl_36B5BF78, 
            tbl_36BA2890
          }
        local tbl_main = 
      {
    tbl_36B58A98, 
  game:GetService("Players").LocalPlayer.Backpack["Remington 870"]
}
  game:GetService("ReplicatedStorage").ShootEvent:FireServer(unpack(tbl_main))
    end
        TeamEvent:FireServer("Bright orange")
		
end

function TazeCrash(target)
    ninthKnight()
    for i=1,25000 do
        local tbl_36BA2890 = 
         {
           ["RayObject"] = Ray.new(Vector3.new(839.947937, 99.4999466, 2211.61719), Vector3.new(-379.812744, 31.2091656, 121.524826)), 
             ["Distance"] = 61.344123840332, 
               ["Cframe"] = CFrame.new(809.089844, 101.766418, 2219.49268, 0.363455683, 0.0792314336, -0.928236127, -1.86264515e-09, 0.996376872, 0.0850477219, 0.931611478, -0.0309110768, 0.362138808), 
                 ["Hit"] = target.Character.Head
                   }
                 local tbl_36B5BF78 = 
              {
            ["RayObject"] = Ray.new(Vector3.new(839.947937, 99.4999466, 2211.61719), Vector3.new(-379.036713, 35.5271149, 122.755898)), 
          ["Distance"] = 61.299308776855, 
        ["Cframe"] = CFrame.new(809.180542, 102.100838, 2219.57886, 0.366918802, 0.0893238857, -0.92595464, 0, 0.995379448, 0.0960210636, 0.930253029, -0.035231933, 0.365223378), 
       ["Hit"] = target.Character.Head
      }
    local tbl_36B585E8 = 
    {
      ["RayObject"] = Ray.new(Vector3.new(839.947937, 99.4999466, 2211.61719), Vector3.new(-379.921326, 20.3493805, 123.473427)), 
        ["Distance"] = 61.141574859619, 
          ["Cframe"] = CFrame.new(809.180542, 100.912926, 2219.61255, 0.36787042, 0.0533849634, -0.928343356, 0, 0.99835068, 0.0574107729, 0.929877102, -0.021119725, 0.367263645), 
            ["Hit"] = target.Character.Head
             }
               local tbl_36B5CC38 = 
                {
                  ["RayObject"] = Ray.new(Vector3.new(839.947937, 99.4999466, 2211.61719), Vector3.new(-371.464417, 33.5804787, 144.521744)), 
                    ["Distance"] = 63.866916656494, 
                      ["Cframe"] = CFrame.new(808.680542, 102.047562, 2221.70142, 0.418726623, 0.0821772888, -0.90438652, 0, 0.995897233, 0.0904924273, 0.908112347, -0.0378915891, 0.417008668), 
                        ["Hit"] = target.Character.Head
                          }
                            local tbl_36B5BB28 = 
                              {
                            ["RayObject"] = Ray.new(Vector3.new(839.947937, 99.4999466, 2211.61719), Vector3.new(-376.177948, 24.8940163, 133.680374)), 
                          ["Distance"] = 62.931880950928, 
                        ["Cframe"] = CFrame.new(808.680542, 101.319054, 2220.68823, 0.391926825, 0.0631896704, -0.917823792, 0, 0.997638524, 0.0686846897, 0.91999644, -0.0269193724, 0.391001284), 
                      ["Hit"] = target.Character.Head
                    }
                  local tbl_36B58A98 = 
                {
              tbl_36B5BB28, 
            tbl_36B5CC38, 
          tbl_36B585E8, 
        tbl_36B5BF78, 
      tbl_36BA2890
    }
    local tbl_main = 
      {
        tbl_36B58A98, 
          game:GetService("Players").LocalPlayer.Backpack["Taser"]
            }
              game:GetService("ReplicatedStorage").ShootEvent:FireServer(unpack(tbl_main))
                local tbl_36BA2890 = 
                  {
                    ["RayObject"] = Ray.new(Vector3.new(839.947937, 99.4999466, 2211.61719), Vector3.new(-379.812744, 31.2091656, 121.524826)), 
                      ["Distance"] = 61.344123840332, 
                        ["Cframe"] = CFrame.new(809.089844, 101.766418, 2219.49268, 0.363455683, 0.0792314336, -0.928236127, -1.86264515e-09, 0.996376872, 0.0850477219, 0.931611478, -0.0309110768, 0.362138808), 
                          ["Hit"] = target.Character.Head
                            }
                              local tbl_36B5BF78 = 
                                {
                              ["RayObject"] = Ray.new(Vector3.new(839.947937, 99.4999466, 2211.61719), Vector3.new(-379.036713, 35.5271149, 122.755898)), 
                            ["Distance"] = 61.299308776855, 
                          ["Cframe"] = CFrame.new(809.180542, 102.100838, 2219.57886, 0.366918802, 0.0893238857, -0.92595464, 0, 0.995379448, 0.0960210636, 0.930253029, -0.035231933, 0.365223378), 
                        ["Hit"] = target.Character.Head
                      }
                    local tbl_36B585E8 = 
                  {
                ["RayObject"] = Ray.new(Vector3.new(839.947937, 99.4999466, 2211.61719), Vector3.new(-379.921326, 20.3493805, 123.473427)), 
              ["Distance"] = 61.141574859619, 
            ["Cframe"] = CFrame.new(809.180542, 100.912926, 2219.61255, 0.36787042, 0.0533849634, -0.928343356, 0, 0.99835068, 0.0574107729, 0.929877102, -0.021119725, 0.367263645), 
          ["Hit"] = target.Character.Head
        }
      local tbl_36B5CC38 = 
    {
    ["RayObject"] = Ray.new(Vector3.new(839.947937, 99.4999466, 2211.61719), Vector3.new(-371.464417, 33.5804787, 144.521744)), 
    ["Distance"] = 63.866916656494, 
      ["Cframe"] = CFrame.new(808.680542, 102.047562, 2221.70142, 0.418726623, 0.0821772888, -0.90438652, 0, 0.995897233, 0.0904924273, 0.908112347, -0.0378915891, 0.417008668), 
        ["Hit"] = target.Character.Head
          }
            local tbl_36B5BB28 = 
              {
                ["RayObject"] = Ray.new(Vector3.new(839.947937, 99.4999466, 2211.61719), Vector3.new(-376.177948, 24.8940163, 133.680374)), 
                  ["Distance"] = 62.931880950928, 
                    ["Cframe"] = CFrame.new(808.680542, 101.319054, 2220.68823, 0.391926825, 0.0631896704, -0.917823792, 0, 0.997638524, 0.0686846897, 0.91999644, -0.0269193724, 0.391001284), 
                      ["Hit"] = target.Character.Head
                        }
                          local tbl_36B58A98 = 
                        {
                      tbl_36B5BB28, 
                    tbl_36B5CC38, 
                  tbl_36B585E8, 
                tbl_36B5BF78, 
              tbl_36BA2890
            }
          local tbl_main = 
        {
      tbl_36B58A98, 
    game:GetService("Players").LocalPlayer.Backpack["Taser"]
    }
    game:GetService("ReplicatedStorage").ShootEvent:FireServer(unpack(tbl_main))
      end
          TeamEvent:FireServer("Bright orange")
end


function taze(a)
	A_1 = {

	[1] = {
		
	  

	["RayObject"] = Ray.new(Vector3.new(845.555908, 101.429337, 2269.43945), Vector3.new(-391.152252, 8.65560055, -83.2166901)),
	["Distance"] = 3.2524313926697,
	["Cframe"] = CFrame.new(840.310791, 101.334137, 2267.87988, 0.0636406094, 0.151434347, -0.986416459, 0, 0.988420188, 0.151741937, 0.997972965, -0.00965694897, 0.0629036576),
	["Hit"] = a.Character.Head
	},
	   [2] =
	{
	["RayObject"] = Ray.new(Vector3.new(845.555908, 101.429337, 2269.43945), Vector3.new(-392.481476, -8.44939327, -76.7261353)),
	["Distance"] = 3.2699294090271,
	["Cframe"] = CFrame.new(840.290466, 101.184189, 2267.93506, 0.0964837447, 0.0589403138, -0.993587971, 4.65661287e-10, 0.998245299, 0.0592165813, 0.995334625, -0.00571343815, 0.0963144377),
	["Hit"] = a.Character.Head
	},
	[3] =
	{
	["RayObject"] = Ray.new(Vector3.new(845.555908, 101.429337, 2269.43945), Vector3.new(-389.21701, -2.50536323, -92.2163162)),
	["Distance"] = 3.1665518283844,
	["Cframe"] = CFrame.new(840.338867, 101.236496, 2267.80371, 0.0166504811, 0.0941716284, -0.995416701, 1.16415322e-10, 0.995554805, 0.0941846818, 0.999861419, -0.00156822044, 0.0165764652),
	["Hit"] = a.Character.Head
	},
	[4] =
	{
	["RayObject"] = Ray.new(Vector3.new(845.555908, 101.429337, 2269.43945), Vector3.new(-393.353973, 3.13988972, -72.5452042)),
	["Distance"] = 3.3218522071838,
	["Cframe"] = CFrame.new(840.277222, 101.285957, 2267.9707, 0.117109694, 0.118740402, -0.985994935, -1.86264515e-09, 0.992826641, 0.119563118, 0.993119001, -0.0140019981, 0.116269611),
	["Hit"] = a.Character.Head
	},
	[5] =
	{
	["RayObject"] = Ray.new(Vector3.new(845.555908, 101.429337, 2269.43945), Vector3.new(-390.73172, 3.2097764, -85.5477524)),
	["Distance"] = 3.222757101059,
	["Cframe"] = CFrame.new(840.317993, 101.286423, 2267.86035, 0.0517584644, 0.123365127, -0.991010666, 0, 0.992340803, 0.123530701, 0.99865967, -0.00639375951, 0.0513620302),
	["Hit"] = a.Character.Head
	}
	}
	local A_2 = game.Players.LocalPlayer.Backpack["Taser"]
	local Event = game:GetService("ReplicatedStorage").ShootEvent
	Event:FireServer(A_1, A_2)
	Event:FireServer(A_1, A_2)
end

function MakeCriminal(plr)
	
    wait()
	getgenv().MakingCrim = true
	

	local player = plr
	wait()
	player = game.Players[player]
	game.Players.LocalPlayer.Character.Humanoid.Sit = false

	for i,v in pairs(Workspace.Prison_ITEMS.giver:GetChildren()) do
		if v.Name == "M9" then
		   lol = Workspace.Remote.ItemHandler:InvokeServer(v.ITEMPICKUP)
		end
	end
	game.Players.LocalPlayer.Character.Humanoid.Name = 1
	local l = game.Players.LocalPlayer.Character["1"]:Clone()
	if game.Players.LocalPlayer.Character["1"] then
		l.Parent = game.Players.LocalPlayer.Character
		l.Name = "Humanoid"
		wait()
		game.Players.LocalPlayer.Character["1"]:Destroy()
		game.Workspace.CurrentCamera.CameraSubject = game.Players.LocalPlayer.Character
		game.Players.LocalPlayer.Character.Animate.Disabled = true
	end
	wait()
	game.Players.LocalPlayer.Character.Animate.Disabled = false
	game.Players.LocalPlayer.Character.Humanoid.DisplayDistanceType = "None"
	for i,v in pairs(game:GetService'Players'.LocalPlayer.Backpack:GetChildren())do
		if v.Name == "M9" then
			game.Players.LocalPlayer.Character.Humanoid:EquipTool(v)
		end
	end
	player.Character.HumanoidRootPart.CFrame = game.Players.LocalPlayer.Character.HumanoidRootPart.CFrame 
	wait(0.3)
	local A_1 = "\66\114\111\121\111\117\98\97\100\100"
	local Event = game:GetService("Workspace").Remote.loadchar
	Event:InvokeServer(A_1)
	wait()
	getgenv().MakingCrim = false
end

function KillAll()
	if (Character) and (Humanoid) and (RootPart) then
		local backup = RootPart.CFrame
		Camera.CameraType = Enum.CameraType.Scriptable
			
		for idx,plr in pairs(Players:GetPlayers()) do
			if (plr ~= Player) and (plr.Character) then
				local otherRoot = plr.Character:FindFirstChild("HumanoidRootPart")
				if (otherRoot) then
					RootPart.Velocity = Vector3.new(0,0,0)
					RootPart.CFrame = otherRoot.CFrame * CFrame.new(0, 6, 0)
					wait(0.15)
					for i = 1, 25 do
						MeleeEvent:FireServer(plr)
					end
					Humanoid:ChangeState("Jumping")
				end
			end
		end
		
		Camera.CameraType = Enum.CameraType.Custom
		RootPart.Velocity = Vector3.new(0,0,0)
		RootPart.CFrame = backup
	end
end

function KillTeam()
	if (Character) and (Humanoid) and (RootPart) then
		local backup = RootPart.CFrame
		Camera.CameraType = Enum.CameraType.Scriptable
			
		for idx,plr in pairs(Players:GetPlayers()) do
			if (plr ~= Player) and (plr.Character) and (plr.Team.Name == KillStuff.TargetTeam) then
				local otherRoot = plr.Character:FindFirstChild("HumanoidRootPart")
				if (otherRoot) then
					RootPart.Velocity = Vector3.new(0,0,0)
					RootPart.CFrame = otherRoot.CFrame * CFrame.new(0, 6, 0)
					wait(0.15)
					for i = 1, 25 do
						MeleeEvent:FireServer(plr)
					end
					Humanoid:ChangeState("Jumping")
				end
			end
		end
		
		Camera.CameraType = Enum.CameraType.Custom
		RootPart.Velocity = Vector3.new(0,0,0)
		RootPart.CFrame = backup
	end
end

function round(num) 
    if num >= 0 then return math.floor(num+.5) 
    else return math.ceil(num-.5) end
end

local function changeColor(BC, TC)
	for i,v in pairs(Backpack:GetChildren()) do
		if v.Name == "M9" then
			if v:IsA("Tool") then
				v.Part.BrickColor = BrickColor.new(BC)
				v.Part.Transparency = TC
			end
		elseif v.Name == "AK-47" or v.Name == "Remington 870" or v.Name == "M4A1" then
			if v:IsA("Tool") then
				local h = v:FindFirstChildOfClass("Model")
				if h then
					for _,Part in pairs(h:GetChildren()) do
						if Part:IsA("Part") then
							Part.BrickColor = BrickColor.new(BC)
							Part.Transparency = TC
						end
					end
				end
			end
		end
	end
end

function arrestAll()
	if (Character) and (Humanoid) and (RootPart) then
		local backup = RootPart.CFrame
		Camera.CameraType = Enum.CameraType.Scriptable

		for idx,plr in pairs(Players:GetPlayers()) do
			if (plr ~= Player) and (plr.Character) and (plr.Team == Teams.Criminals) then
				local otherRoot = plr.Character:FindFirstChild("HumanoidRootPart")
				if (otherRoot) then
					RootPart.Velocity = Vector3.new(0, 0, 0)
					RootPart.CFrame = otherRoot.CFrame * CFrame.new(0, 6, 0)
					wait(0.15)
					ArrestEvent:InvokeServer(otherRoot)
					wait()
					Humanoid:ChangeState(Enum.HumanoidStateType.Jumping)
				end
			end
		end

		Camera.CameraType = Enum.CameraType.Custom
		RootPart.Velocity = Vector3.new(0, 0, 0)
		RootPart.CFrame = backup
	end
end

do -- Vestiria Folder
	local VestiriaFolder = Instance.new("Folder", game.Lighting)
	VestiriaFolder.Name = "VestiriaFolder"
end

function addFolder(name, path)
	for i,v in pairs(path:GetChildren()) do
		if (v.Name == name) then
			v.Parent = game.Lighting.VestiriaFolder
		end
	end
end

function removeFolder(name, path)
	for i,v in pairs(game.Lighting.VestiriaFolder:GetChildren()) do
		if (v.Name == name) then
			v.Parent = path
		end
	end
end

do -- Fullbright
	
	_G.NormalLightingSettings = {
		Brightness = game:GetService("Lighting").Brightness,
		ClockTime = game:GetService("Lighting").ClockTime,
		FogEnd = game:GetService("Lighting").FogEnd,
		GlobalShadows = game:GetService("Lighting").GlobalShadows,
		Ambient = game:GetService("Lighting").Ambient
	}

	game:GetService("Lighting"):GetPropertyChangedSignal("Brightness"):Connect(function()
		if game:GetService("Lighting").Brightness ~= 1 and game:GetService("Lighting").Brightness ~= _G.NormalLightingSettings.Brightness then
			_G.NormalLightingSettings.Brightness = game:GetService("Lighting").Brightness
			if not _G.FullBrightEnabled then
				repeat
					wait()
				until _G.FullBrightEnabled
			end
			game:GetService("Lighting").Brightness = 1
		end
	end)

	game:GetService("Lighting"):GetPropertyChangedSignal("ClockTime"):Connect(function()
		if game:GetService("Lighting").ClockTime ~= 12 and game:GetService("Lighting").ClockTime ~= _G.NormalLightingSettings.ClockTime then
			_G.NormalLightingSettings.ClockTime = game:GetService("Lighting").ClockTime
			if not _G.FullBrightEnabled then
				repeat
					wait()
				until _G.FullBrightEnabled
			end
			game:GetService("Lighting").ClockTime = 12
		end
	end)

	game:GetService("Lighting"):GetPropertyChangedSignal("FogEnd"):Connect(function()
		if game:GetService("Lighting").FogEnd ~= 786543 and game:GetService("Lighting").FogEnd ~= _G.NormalLightingSettings.FogEnd then
			_G.NormalLightingSettings.FogEnd = game:GetService("Lighting").FogEnd
			if not _G.FullBrightEnabled then
				repeat
					wait()
				until _G.FullBrightEnabled
			end
			game:GetService("Lighting").FogEnd = 786543
		end
	end)

	game:GetService("Lighting"):GetPropertyChangedSignal("GlobalShadows"):Connect(function()
		if game:GetService("Lighting").GlobalShadows ~= false and game:GetService("Lighting").GlobalShadows ~= _G.NormalLightingSettings.GlobalShadows then
			_G.NormalLightingSettings.GlobalShadows = game:GetService("Lighting").GlobalShadows
			if not _G.FullBrightEnabled then
				repeat
					wait()
				until _G.FullBrightEnabled
			end
			game:GetService("Lighting").GlobalShadows = false
